12918
12802
12801
12789
12782
12773
12763
12759
12722
12721
12718
12716
12669
12664
12652
12651
12639
12624
12608
12600
12542
12532
12531
12521
12520
12519
12505
12503
12501
12499
12497
12490
12488
12486
12484
12482
12476
12474
12472
12470
12468
12466
12460
12458
12456
12454
12452
12409
12405
12403
12376
12368
12359
12317
12301
12240
12230
12229
12219
12218
12217
12208
12206
12204
12202
12200
12190
12184
12178
12169
12167
12161
11935
11799
11734
11722
11720
11681
11680
11679
11674
11673
11659
11658
11630
11625
11547
11546
11540
11534
11528
11527
11521
11520
11515
11512
11509
11505
11500
11491
11486
11474
11442
11439
11413
11412
11410
11409
11395
11385
11311
11310
11283
11275
11274
11265
11259
11251
11241
11235
11227
11217
11203
11200
11164
11163
11129
11128
11071
11070
11051
11044
11031
11000
10974
10967
10962
10953
10949
10947
10941
10932
10928
10923
10915
10838
10836
10831
10797
10792
10788
10783
10778
10742
10741
10728
10727
10726
10725
10717
10713
10709
10694
10665
10661
10651
10627
10603
10579
10576
10556
10555
10554
10552
10550
10499
10037
10037
10034
10034
10033
10031
10030
10026
10025
10025
10022
9310
8372
7296
7295
7294
7293
7292
7291
7290
7289
7288
7287
7286
7285
7284
7283
7282
7281
7280
7279
7278
7277
7276
7275
7274
7273
7272
7271
7270
7269
7268
7267
7266
7265
7264
7263
7261
7260
7259
7258
7257
7256
7255
7254
7253
7252
7251
7250
7249
7248
7247
7246
7245
7244
7243
7242
7241
7240
7239
7238
7237
7236
7235
7234
7233
7232
7231
7230
7229
7228
7216
7215
7214
7213
7212
7211
7210
7209
7208
7207
7206
7205
7204
7203
7202
7201
7200
7199
7198
7197
7196
7195
7194
7193
7192
7191
7190
7189
7188
7187
7186
7185
7184
7183
7182
7181
7180
7179
7178
7177
7176
7175
7174
7173
7172
7171
7170
7169
7168
7167
7166
7165
7164
7163
7162
7161
7160
7159
7158
7157
7156
7155
7154
7153
7152
7151
6169
6167
6162
6162
6161
6158
6147
6146
6145
6144
6143
6142
6141
6140
6139
6138
6137
6136
6135
6134
6133
6132
6131
6130
6129
6128
6127
6126
6125
6124
6123
6122
6121
6120
6119
6118
6117
6116
6115
6114
6113
6112
6111
6110
6109
6108
6107
6106
6105
6104
6103
6102
6101
6100
6099
6098
6097
6096
6095
6094
6093
6092
6091
6090
6089
6088
6087
6086
6085
6084
6083
6082
5046
5044
5039
5036
5033
5020
5019
5018
5017
5016
5015
5014
5013
5012
5011
5010
5009
5008
5007
5006
5005
5004
5003
5002
5001
5000
4999
4998
4997
4996
4995
4994
4993
4992
4991
4990
4989
4988
4987
4985
4984
4983
4982
4981
4980
4979
4978
4977
4976
4975
4974
4973
4972
4971
4970
4969
4968
4967
4966
4965
4964
4963
4962
4961
4960
4959
4958
4957
4956
4955
4954
4953
4952
4940
4939
4938
4937
4936
4935
4934
4933
4932
4931
4930
4929
4928
4927
4926
4925
4924
4923
4922
4921
4920
4919
4918
4917
4916
4915
4914
4913
4912
4911
4910
4909
4908
4907
4906
4905
4904
4903
4902
4901
4900
4899
4898
4897
4896
4895
4894
4893
4892
4891
4890
4889
4888
4887
4886
4885
4884
4883
4882
4881
4880
4879
4878
4877
4876
4875
3881
3879
3873
3870
3859
3858
3857
3856
3855
3854
3853
3852
3851
3850
3849
3848
3847
3846
3845
3844
3843
3842
3841
3840
3839
3838
3837
3836
3835
3834
3833
3832
3831
3830
3829
3828
3827
3826
3825
3824
3823
3822
3821
3820
3819
3818
3817
3816
3815
3814
3813
3812
3811
3810
3809
3808
3807
3806
3805
3804
3803
3802
3801
3800
3799
3798
3797
3796
3795
3794
2749
2747
2741
2737
2735
2722
2721
2720
2719
2718
2717
2716
2715
2714
2713
2712
2711
2710
2709
2708
2707
2706
2705
2704
2703
2702
2701
2700
2699
2698
2697
2696
2695
2694
2693
2692
2691
2690
2689
2687
2686
2685
2684
2683
2682
2681
2680
2679
2678
2677
2676
2675
2674
2673
2672
2671
2670
2669
2668
2667
2666
2665
2664
2663
2662
2661
2660
2659
2658
2657
2656
2655
2654
2642
2641
2640
2639
2638
2637
2636
2635
2634
2633
2632
2631
2630
2629
2628
2627
2626
2625
2624
2623
2622
2621
2620
2619
2618
2617
2616
2615
2614
2613
2612
2611
2610
2609
2608
2607
2606
2605
2604
2603
2602
2601
2600
2599
2598
2597
2596
2595
2594
2593
2592
2591
2590
2589
2588
2587
2586
2585
2584
2583
2582
2581
2580
2579
2578
2577
1768
1766
1759
1757
1746
1745
1744
1743
1742
1741
1740
1739
1738
1737
1736
1735
1734
1733
1732
1731
1730
1729
1728
1727
1726
1725
1724
1723
1722
1721
1720
1719
1718
1717
1716
1715
1714
1713
1712
1711
1710
1709
1708
1707
1706
1705
1704
1703
1702
1701
1700
1699
1698
1697
1696
1695
1694
1693
1692
1691
1690
1689
1688
1687
1686
1685
1684
1683
1682
1681
860
858
854
850
848
837
836
835
834
833
832
831
830
829
828
827
826
825
824
823
822
821
820
819
818
817
816
815
814
813
812
811
810
809
808
807
806
805
804
803
802
801
800
799
798
797
796
795
794
793
792
791
790
789
788
787
786
785
784
783
782
781
780
779
778
777
776
775
774
773
772
425
424
423
417
415
404
403
402
401
400
399
398
397
396
395
394
393
392
391
390
389
388
387
386
385
384
383
382
381
380
379
378
377
376
375
374
373
372
371
370
369
368
367
366
365
364
363
362
361
360
359
358
357
356
355
354
353
352
351
350
349
348
347
346
345
344
343
342
341
340
339
12
11
10
9
8
6
3
1
0
